,pvalues,statictic,%_ofDemsForBill,%_ofRepForBill,%overall_liked
handicapped-infants,0.0,-9.205264294809222,0.6046511627906976,0.18787878787878787,0.44208037825059104
water-project-cost-sharing,0.92916,0.08896538137868286,0.502092050209205,0.5067567567567568,0.5038759689922481
adoption-of-the-budget-resolution,0.0,-23.21277691701378,0.8884615384615384,0.13414634146341464,0.5966981132075472
physician-fee-freeze,0.0,49.36708157301406,0.05405405405405406,0.9878787878787879,0.41745283018867924
el-salvador-aid,0.0,21.13669261173219,0.21568627450980393,0.9515151515151515,0.5047619047619047
religious-groups-in-schools,0.0,9.737575825219457,0.47674418604651164,0.8975903614457831,0.6415094339622641
anti-satellite-test-ban,0.0,-12.526187929077842,0.7722007722007722,0.24074074074074073,0.5676959619952494
aid-to-nicaraguan-contras,0.0,-18.052093200819733,0.8288973384030418,0.15286624203821655,0.5761904761904761
mx-missile,0.0,-16.437503268542994,0.7580645161290323,0.11515151515151516,0.5012106537530266
immigration,0.0833,1.7359117329695164,0.4714828897338403,0.5575757575757576,0.5046728971962616
synfuels-corporation-cutback,0.0,-8.293603989407588,0.5058823529411764,0.1320754716981132,0.36231884057971014
education-spending,0.0,20.500685724563073,0.14457831325301204,0.8709677419354839,0.42326732673267325
superfund-right-to-sue,0.0,13.51064251060933,0.2896825396825397,0.8607594936708861,0.5097560975609756
crime,0.0,16.342085656197696,0.35019455252918286,0.9813664596273292,0.5933014354066986
duty-free-exports,0.0,-12.853146132542978,0.6374501992031872,0.08974358974358974,0.4275184275184275
export-administration-act-south-africa,0.0,-6.849454815841208,0.9351351351351351,0.6575342465753424,0.8126888217522659
